{
  "height": 20,
  "width": 18,
  "x": 1428.2625732421875,
  "y": 215.1999969482422
}